pos:4973
tt:(4973, (0, 0, 0, 0, 0, (0, 0)), (0, 0, 0, 0, 0, (0, 0)), (17, 527, 989, 736, 8, (9, 8)), (0, 0, 0, 0, 0, (0, 0)), (17, 527, 989, 736, 8, (8, 9)), 2, 3, 0, 2, 0.0, 1, 17, (0, 0, 2, 0), 11)
nt:(4973, (1, 6, 29, 48, 0, (1, 0)), (0, 0, 0, 0, 0, (0, 0)), (23, 738, 1318, 1017, 11, (12, 11)), (0, 0, 0, 0, 0, (0, 0)), (24, 744, 1347, 1065, 11, (11, 13)), 2, 0, 0, 2, 0.20546611321865493, 2, 24, (0, 0, 1, 0), 11)
rt:(2, 0, 9, 0.382, 0.977167619692699)
pos:4924
tt:(4924, (10, 325, 600, 366, 6, (4, 6)), (0, 0, 0, 0, 0, (0, 0)), (1, 2, 29, 50, 1, (0, 1)), (0, 0, 0, 0, 0, (0, 0)), (11, 327, 629, 416, 7, (7, 4)), 0, 2, 0, 1, 0.30463609734923813, 1, 11, (0, 0, 1, 0), 11)
nt:(4924, (20, 660, 1138, 1100, 10, (10, 10)), (0, 0, 0, 0, 0, (0, 0)), (0, 0, 0, 0, 0, (0, 0)), (0, 0, 0, 0, 0, (0, 0)), (20, 660, 1138, 1100, 10, (10, 10)), 0, 1, 0, 2, 0.08664561800393172, 2, 20, (1, 0, 0, 0), 11)
rt:(0, 0, 0, 0.39, 0.9735739358941067)
pos:446373
tt:(446373, (0, 0, 0, 0, 0, (0, 0)), (9, 346, 540, 445, 5, (4, 5)), (0, 0, 0, 0, 0, (0, 0)), (0, 0, 0, 0, 0, (0, 0)), (9, 346, 540, 445, 5, (5, 4)), 1, 2, 0, 0, 0.0, 0, 9, (0, 0, 0, 0), 3)
nt:(446373, (1, 2, 29, 77, 1, (0, 1)), (5, 180, 238, 386, 2, (3, 2)), (0, 0, 0, 0, 0, (0, 0)), (0, 0, 0, 0, 0, (0, 0)), (6, 182, 267, 463, 3, (3, 3)), 1, 0, 0, 0, 0.45056120886630463, 0, 6, (0, 0, 0, 0), 3)
rt:(1, 0, 0, 0.332, 0.9565821022133496)
pos:278878
tt:(278878, (0, 0, 0, 0, 0, (0, 0)), (0, 0, 0, 0, 0, (0, 0)), (0, 0, 0, 0, 0, (0, 0)), (33, 1224, 1903, 1590, 17, (16, 17)), (33, 1224, 1903, 1590, 17, (17, 16)), 3, 0, 0, 0, 0.055478185735908694, 0, 33, (0, 0, 0, 0), 3)
nt:(278878, (0, 0, 0, 0, 0, (0, 0)), (0, 0, 0, 0, 0, (0, 0)), (0, 0, 0, 0, 0, (0, 0)), (51, 1914, 2914, 2367, 23, (28, 23)), (51, 1914, 2914, 2367, 23, (23, 28)), 3, 0, 0, 0, 0.03701472306070941, 0, 51, (0, 0, 0, 0), 3)
rt:(3, 0, 0, 0.408, 0.9523167200506322)

